34628173824
68853694464
19
-0.022545454545454546
34628698112
68853956608
26
-0.022545454545454546
34561064960
68989747200
10
0.0599250936329588
34561065984
68989878272
11
0.0
34561590272
68989356048
3
0.0
68719476736
34762915840
18
0.022545454545454546
68719738880
34830024704
20
0.022545454545454546
68989485056
34561328128
42
0.023936170212765957
68989353984
34561592320
4
0.0
68989354000
34561592328
2
0.0
67372032
120663310336
29
0.1111111111111111
4415226643456
103584104448
16
-0.3076923076923077
103483441152
4415293752320
25
0.3076923076923077
103550550016
4415260263424
24
0.4444444444444444
4398113883136
2319686565888
12
0.0
2319686041600
4398114411520
43
0.0
5120
120730812416
42
-0.18181818181818182
120662786048
67900416
25
1.0
103483572224
4415293756416
25
0.3
791552
120763449344
21
-1.0
120762400768
3937280
2
1.0
939787264
128917700608
12
0.0
120260657152
1006896128
33
0.0
128916652032
940839936
37
0.0
738460672
120531189760
12
0.07822410147991543
120530665472
738989056
11
-0.04391891891891892
738460672
257968046080
12
0.14950980392156862
257967521792
738989056
30
-0.03783783783783784
201589760
4501395734528
21
0.0967741935483871
67898368
4518709297152
21
0.18435754189944134
4501395210240
202116096
34
-0.08737864077669903
4484215341056
8830654876672
17
0.5555555555555556
4518708248576
71044096
25
-0.1797752808988764
67372032
4501529954312
44
1.0
4467170215944
17626613154816
43
-1.0
8830654088192
4467036389376
13
1.0
4467035996160
8830654350336
34
0.4857142857142857
4467035865088
8830654614528
34
-0.0625
4467035865088
8830654616576
2
0.3333333333333333
4467035340800
8830655144960
34
-1.0
4466767953920
8830924620800
37
-0.4
8796160394240
4518709821440
44
-0.25
4484350083072
26422706177024
51
0.25
34561328128
30855315062784
11
-0.2
30855314538496
34561854464
34
0.2
30855314538496
34561856512
34
0.42857142857142855
67900416
4518709297152
43
-0.3333333333333333
4501395210240
202118144
34
0.3333333333333333
4484215341056
8830654878720
25
0.3333333333333333
67376128
4501529954304
4
1.0
4501529952256
67378192
5
-1.0
3933184
4501629042688
45
1.0
4501394161664
205259776
11
-0.034482758620689655
4432775348224
35253229716480
44
-1.0
70517760
4501528905728
34
0.07692307692307693
4501394688000
17384604672
29
-0.07692307692307693
4501528379392
71048192
13
1.0
67372032
8899576463360
21
0.625
67376128
8899576465408
4
-0.24
8899575939072
67900416
11
0.3548387096774194
8899576463360
67378192
5
0.24
8899574892544
71046144
29
0.8333333333333334
3933184
8899675553792
34
0.5
8899574890496
71042048
25
-0.5
8899474227200
17385128960
17
-0.5
70517760
8899575416832
34
0.6428571428571429
8899441199104
17384604672
29
-0.6153846153846154
34360264704
69224103936
29
-0.02947177510768533
34427242496
69157258240
3
-1.0
68989222912
34561591296
25
0.05308304326205868
69156732928
34427766784
10
1.0
69157257216
34427243528
16
1.0
68028416
120696340480
21
1.0
120662786048
118360064
2
0.15
120662786048
4396550144
10
1.0
86202384384
8830655006720
10
0.16
120695291904
71174144
10
-1.0
34427240448
69157259272
12
-0.1111111111111111
69123704840
34477572096
43
0.3333333333333333
69156734984
34427768832
10
0.1111111111111111
68754606088
35366764544
37
0.14432989690721648
437782536
240585670656
42
0.16
68028416
8899609493504
21
-0.2545454545454545
8899575939072
118360064
3
0.3333333333333333
8899608444928
71174144
12
0.2545454545454545
43016783872
69157520384
24
-0.1322314049586777
69156995072
43017308160
10
0.19205298013245034
69123965952
43067115520
2
0.14285714285714285
69157257216
43017047044
4
0.5
69156996096
43017312256
3
0.37037037037037035
8590460928
120763711488
21
-0.017972350230414748
86269755392
8839177439232
42
0.24561403508771928
120762662912
8593606656
10
0.08108108108108109
34897659904
69223580672
21
0.32967032967032966
69223055360
34898184192
21
0.16533864541832669
69155685376
34965686272
34
1.0
69089362944
52211746816
21
0.2236842105263158
504103936
8899710158848
21
0.1232876712328767
68955145216
35168192512
34
-0.32967032967032966
504103936
241056090112
42
-0.05853658536585366
538445824
120762662912
44
1.0
51774750720
17661712402432
37
-1.0
120494227456
138245834752
12
-0.5
34896611328
69224632320
21
-0.12048192771084337
505155584
8899709110272
44
1.0
68956196864
35167143936
37
0.12048192771084337
505155584
241055041536
42
0.42857142857142855
34897135616
69224112128
21
1.0
68954628096
35168716800
34
-1.0
34896611328
69226725376
43
0.10996563573883161
507248640
8899709110272
38
0.2
507248640
241055041536
2
0.3248847926267281
34561067008
68989748224
25
0.06107341147439852
34594881536
68989488132
12
0.06329113924050633
68989486080
34594883584
3
0.1388888888888889
68988963844
34595409920
43
-0.06329113924050633
68721052676
35400187904
43
0.0
33556480
120730682368
43
0.07079646017699115
69056332800
8847800928256
12
0.13309352517985612
34594881536
68989488136
12
1.0
68989487112
34594882564
1
-0.10714285714285714
68988963848
34595409920
17
-1.0
68721052680
35400187904
17
0.32558139534883723
