0.1594145569620253
0.1761867088607595
0.33987341772151897
0.3588607594936709
0.3294303797468354
0.3435126582278481
0.21360759493670886
0.1606012658227848
0.2136867088607595
0.17444620253164558
0.37294303797468353
0.4250791139240506
0.4135284810126582
0.3490506329113924
0.17341772151898735
0.17634493670886076
0.34319620253164557
0.35015822784810124
0.49651898734177213
0.4935126582278481
0.5200949367088608
0.4930379746835443
0.37223101265822783
0.3401898734177215
0.3299050632911392
0.4134493670886076
0.5192246835443038
0.4887658227848101
0.4896360759493671
0.4920094936708861
0.42325949367088606
0.3610759493670886
0.3604430379746835
0.4252373417721519
0.49335443037974686
0.4903481012658228
0.49003164556962026
0.5189082278481013
0.41068037974683547
0.3301424050632911
0.3392405063291139
0.3740506329113924
0.4946993670886076
0.5186708860759494
0.4944620253164557
0.49477848101265826
0.3496044303797468
0.3430379746835443
0.17602848101265822
0.17294303797468355
0.35276898734177214
0.41550632911392404
0.4257120253164557
0.37278481012658227
0.17325949367088608
0.21455696202531646
0.15830696202531647
0.21400316455696203
0.3420886075949367
0.32879746835443036
0.3592563291139241
0.33805379746835446
0.17420886075949368
0.1598892405063291
0.10158227848101266
0.22175632911392404
0.27294303797468356
0.3019778481012658
0.34375
0.2651107594936709
0.18623417721518987
0.10150316455696203
0.18931962025316457
0.1973892405063291
0.4181962025316456
0.45268987341772154
0.43623417721518987
0.44367088607594934
0.197626582278481
0.22231012658227847
0.2678006329113924
0.4445411392405063
0.45268987341772154
0.4747626582278481
0.4530063291139241
0.45474683544303796
0.4200949367088608
0.2727848101265823
0.34462025316455697
0.43884493670886077
0.4539556962025316
0.5112341772151898
0.5103639240506329
0.47634493670886074
0.4546677215189873
0.30158227848101266
0.30348101265822786
0.4530063291139241
0.47515822784810124
0.5096518987341773
0.5099683544303798
0.4546677215189873
0.44074367088607597
0.3423259493670886
0.27436708860759496
0.41787974683544304
0.45427215189873416
0.4543512658227848
0.47420886075949364
0.4534810126582278
0.4445411392405063
0.2662183544303797
0.22373417721518987
0.19770569620253164
0.44161392405063293
0.43520569620253163
0.4511075949367089
0.4191455696202532
0.19699367088607594
0.18781645569620253
0.10284810126582279
0.18947784810126583
0.2682753164556962
0.3442246835443038
0.3026898734177215
0.2747626582278481
0.22460443037974684
0.10118670886075949
22.61210443037975
22.174050632911392
15.095569620253164
-0.3665102848101246
-0.4757647784810129
4.310601265822785
2.8310917721518987
25.16613924050633
25.501977848101266
