3.3671347e-11
7.264241e-22
-7.678982e-08
-1.02070416e-07
4.5284028e-24
2.7773704e-05
-1.04322714e-32
1.6664833e-16
-9.926772e-24
-1.0191506e-25
3.433269e-33
-7.679932e-05
0.00032740762
-9.506762e-23
-0.0071907467
-0.011913993
0.0021731032
3.3860738e-32
7.2464445e-22
4.3535682e-32
-0.00025208676
-6.584367e-33
5.1550644e-33
-3.0491424e-07
6.845618e-05
-2.8683012e-31
1.854853e-29
0.00058834674
-4.5959223e-06
-0.013300766
2.5495347e-27
1.1385154e-17
-1.9564418e-10
-5.608704e-05
-1.07555395e-10
-2.0166678e-30
0.16064225
-0.07116629
0.104748465
0.6450284
0.108538345
0.011447649
-0.02782625
-0.3005959
0.11255376
-0.26769447
0.26367402
0.5234018
-0.17617388
0.4660822
-0.21538563
0.13053395
-0.010448422
0.6230461
-7.3915783e-34
2.2439702e-33
-7.207516e-33
-1.3297016e-33
-2.0540714e-23
-1.9029715e-31
4.18552e-08
-0.0001958722
-1.0521105e-31
-1.4437275e-05
-1.2265263e-06
1.0708862e-05
-0.0034784048
6.7837984e-28
-1.9232494e-33
-3.7428495e-20
-0.002235643
3.7917187e-34
0.3685115
0.3641568
0.005089284
0.52749485
0.17081773
0.18828492
0.089254394
0.1599391
0.6062054
0.30357423
-0.098952904
0.14459452
0.2626759
-0.4240025
0.3513757
0.49315432
-0.26891896
0.23840469
0.0008420911
-0.0006173354
-0.00038909892
-0.0043192077
0.0022866414
-0.00076036266
-0.000834964
0.007925821
-0.00029117524
-1.1019594e-07
-2.6904918e-06
-1.2227146e-05
-7.903841e-05
-0.006013017
-0.00078767154
-1.1952629e-07
-0.0033892968
-0.0025622435
-0.00873629
0.037681773
0.06331634
0.02856694
-0.13085866
-0.028731827
0.083637916
0.005595058
0.009113499
-0.039686
-0.0070561795
-0.0054749935
-0.10866748
-0.015964914
-0.029944574
-0.022203004
-0.06197275
0.034273587
0.14613572
0.19020504
0.017016044
0.48243734
0.01623327
0.3994049
0.073186696
0.18493831
0.2819288
-0.5140236
0.37472105
-0.027863255
0.5104057
-0.17069031
0.034590192
-0.034296844
0.05077319
0.15815961
-0.30960006
0.12670231
0.11642693
0.40987748
-0.048321836
-0.3545618
0.17199773
-0.017709484
0.25064397
-0.4216071
-0.22209491
-0.18904068
-0.023913477
0.33972806
0.3380931
-0.3706114
0.27759954
0.14514747
0.17579187
-0.009158205
0.12371848
-0.19771062
0.36358267
0.10518734
-0.06839525
0.4094226
-0.041428868
-0.22333865
0.21468686
0.3754557
0.5279849
0.05854568
-0.039345276
0.04980518
-0.40762964
0.22522822
0.4104227
0.53987503
0.14246409
0.15054454
0.2769372
-0.35262704
0.08268665
0.06967793
0.15233862
-0.49049515
0.46309546
-0.22110632
-0.1781267
0.403586
0.41411227
-0.3101148
-0.27305338
0.49105632
-0.0087941345
-0.0075621074
-0.006673223
-0.008902398
-0.006357212
-0.008220639
-0.004411403
-0.008483634
-0.009021918
-0.00473693
-0.004645801
-0.004276566
-0.0053599793
-0.005855884
-0.0063337837
0.0022174416
-0.005887159
-0.0044040275
0.13502528
-0.12426394
-0.19822551
-0.52873707
-0.21861684
-0.14167209
0.20684731
-0.089077935
-0.2388603
0.11413831
0.754398
0.26520878
0.27734706
-0.2358242
0.29622748
0.39746097
-0.099445686
0.4435242
0.46967086
0.7134481
0.5169
0.18109053
0.54934025
-0.06911142
0.2743545
0.09097128
0.015304054
0.025247209
0.24238281
0.23717546
-0.14750648
-0.46381572
0.5711346
-0.30267078
-0.16086464
-0.29468858
-1.0570413e-06
-7.580412e-33
7.321129e-33
1.0416625e-17
1.720668e-33
-0.008400373
-9.2603145e-33
9.469064e-25
-4.238731e-08
6.630814e-33
-1.417914e-22
1.259175e-32
0.00019873408
-0.00930513
6.2736016e-33
3.1479287e-06
-2.8864017e-05
-0.0001311555
0.09225053
0.5082286
-0.36193565
0.11016595
0.57352704
-0.112134516
0.15441124
0.29463887
-0.33051193
0.35052893
-0.4400224
-0.045060646
0.59573585
0.23519954
-0.3334398
-0.5329309
-0.42556483
0.23641026
-0.09130192
-0.3504973
0.40450194
0.04791288
0.3583468
-0.17598608
-0.13524598
0.1453196
-0.35258815
0.628057
0.54523534
-0.08607246
0.5516468
0.29364097
0.35771427
-0.21128553
0.14260776
0.2545482
0.22138497
-0.32194668
-0.06227791
-0.0795736
-0.07175907
-0.3908023
0.45018372
-0.024206178
-0.048482686
-0.18321186
0.57772154
0.23279762
0.3658272
-0.012217228
0.03515975
0.57998556
0.12556833
0.21948156
0.5264391
0.017599564
0.34171152
-0.3083848
0.21064235
-0.3068239
0.32139912
0.11956681
-0.12972248
0.41370702
-0.10373261
0.22033256
0.29436615
0.20207359
0.04944697
-0.51147455
0.35305774
-0.37128893
1.2343712e-10
-1.22284576e-32
-0.009588805
-4.298791e-33
0.0028225363
1.9486416e-12
-2.9395963e-07
3.9759168e-19
-0.00030865037
-3.9689432e-29
1.6386332e-33
5.569655e-12
-5.8303374e-33
-0.010524695
1.9312584e-27
-2.8416125e-05
3.4837112e-07
-1.3875128e-11
-0.005675673
-0.034686882
-0.0004151134
-4.387286e-05
-0.00039681932
-0.0022972485
0.0006154374
0.00050791935
-0.00036494996
-0.0023679992
-0.0030380976
0.02828237
-0.01785631
-0.0031317682
-0.0016434225
-0.003162912
-0.008405495
-0.0031252478
0.2053382
0.17306143
0.5208119
0.14491723
0.34502086
-0.16794005
0.22247364
0.2641117
0.31388164
-0.026671287
0.45773116
0.012322947
-0.27065128
0.36592188
-0.083719455
0.20866214
0.41639557
0.082307234
0.16968769
-0.41690326
-0.12752071
0.18139896
0.44458202
-0.069574684
-0.1221197
0.07746461
-0.3513045
-0.03605751
-0.016900029
0.03466911
0.45516053
0.3739865
0.070057094
0.58651876
0.49749744
0.21639293
0.11554245
0.6626742
0.071931444
0.36631387
0.016031384
-0.059873573
0.46917093
0.016013162
0.28299916
0.19955754
0.056170065
0.21151069
-0.06339486
-0.31586906
0.02457197
-0.020307124
-0.4809203
-0.038903225
0.4054413
0.36482865
0.6812684
0.44108033
0.35762084
-0.036194388
0.5018032
0.39758572
0.25093767
-0.16627552
-0.27089357
0.1802589
-0.2552379
-0.30736533
0.06980379
-0.35062826
0.0039127693
0.31154105
0.0061081597
0.09166286
-0.001967167
-0.15562934
0.5275157
0.3842762
0.42072764
0.26937532
0.33698967
0.076924525
0.20334351
-0.1006997
0.34801978
0.17198236
0.23724137
-0.28925344
-0.007787361
0.13092288
0.2685244
0.09353003
0.49496216
-0.29672077
-0.09341742
-0.04990498
0.013414099
-0.23993187
0.41206598
0.41604388
-0.21186587
0.27583137
0.28286958
0.3163117
0.607349
0.46785718
-0.3599229
0.10416774
-0.08452259
0.4963154
0.1239851
-0.115256965
-0.10151343
0.19995724
0.19921055
0.37341118
0.33692908
0.0030692185
0.16902132
0.22596297
-0.16166627
0.006809242
0.28286996
0.36744016
0.27949294
0.10280503
0.29865125
-0.45560914
0.22506821
0.57915473
0.19041248
-0.086144574
0.015573565
0.4003135
-0.29651728
0.17118502
-0.38520613
0.36949852
0.31288472
-0.25328687
0.28847736
0.084071435
0.15833747
0.41666847
-0.62240255
-0.06433129
-0.060862694
-0.5027107
0.2952427
0.069288336
0.22810069
0.5676282
-0.022129323
0.5254089
-0.28541595
-0.36979112
0.10616803
0.20679563
0.29379356
-0.17731704
0.16802478
0.11669512
0.5765087
0.021706698
0.050883647
0.06191726
-0.23079672
0.3668127
-0.20018376
0.38768923
0.49277633
0.11455584
-0.3290853
-0.007913473
0.24029171
-0.39472187
-0.022333615
0.5943666
0.21157184
0.30875146
-0.002089252
-0.0016794238
-0.0022997689
-0.0026574887
-0.002576131
-0.0021591005
-0.001594945
-0.0034306596
-0.0017144502
-0.0007964223
-0.0017313248
-0.0015654451
-0.0010138528
-0.0019318144
-0.0018171427
-0.0016659833
-0.002088077
-0.001372111
-0.10993119
0.5717394
0.27368098
-0.41440234
0.09586915
0.65934014
-0.061061088
-0.22363818
0.010523821
0.07517157
-0.3609066
-0.3528922
-0.46819103
-0.19993587
0.21943764
-0.047175832
0.030710896
-0.03982577
0.40428618
-0.7236771
-0.14158529
0.42039987
0.34063846
-0.29354277
-0.045509826
-0.3277587
-0.032391194
-0.6848299
-0.20120983
0.66206795
0.00039343062
-0.41665658
0.26511756
-0.13604675
0.29285958
-0.2793343
-0.09787777
0.35376096
0.19037333
-0.29028425
-0.3037164
-0.45837566
0.35088384
-0.1231317
0.5479042
0.33737397
0.5916705
0.81835324
0.74005616
0.01583683
0.1506189
0.30356085
-0.2396278
0.09250086
0.51745486
1.2213461
-1.1129798
-0.190252
0.5005562
0.06401775
0.6442362
-0.3567841
-0.83755976
0.8592862
-0.41393465
-0.45667905
-0.27559274
0.106423914
-0.4449162
-0.22655457
-0.40276396
0.19879887
0.061888836
-0.33668268
0.13469918
0.16207713
-0.294646
-0.299402
0.37056327
0.2025277
-0.17267495
-0.5909151
-0.015274603
0.26688868
-0.3129137
-0.4201624
0.30149794
0.23371717
0.254878
-0.04569083
0.026011964
0.17929368
0.6418339
-0.36317036
0.61332834
0.12446582
0.3378403
-0.49140522
0.21148637
-0.3768217
-0.19104455
0.31402278
-0.16728857
0.37680376
0.08748287
-0.522194
0.051721234
0.19404346
0.007023527
-0.23458691
0.17478707
-0.3855913
0.40915745
0.09664316
-0.17196107
-0.13733706
0.011701777
-0.24857381
0.47176772
0.4200445
-0.16314977
0.11519002
-0.07518174
-0.017784176
0.28498244
-0.20134519
0.054296684
-0.47647038
0.57650125
0.2458517
0.30892307
0.10789664
-0.6869759
0.33980143
0.21870089
0.7498591
-0.3087688
-0.53259367
0.6460098
0.35923
-0.81728774
-0.2505696
0.33964753
-0.072065495
0.31761184
0.33145577
0.5216684
-0.14896944
-0.8206166
-0.27979356
0.39196938
0.63477486
0.16480753
0.31948918
1.0040303
-0.46185112
0.5748351
0.561532
0.29001328
0.12805143
-0.00083637104
0.13130115
0.45186624
-0.7206404
-0.012170647
0.3765181
0.5806606
-0.23609266
0.13624825
0.51769006
0.022217346
-0.35623074
-0.34567168
0.5090226
-0.10145658
-0.09250164
0.13178666
-0.10729517
0.19480398
-0.023630776
-0.28491458
0.12665059
0.106946915
0.1033452
-0.03297281
0.0033816942
0.23991856
0.08068974
-0.21554749
0.036908004
0.060031857
-0.016893126
-0.08688326
0.03843233
-0.041338265
0.08059007
0.19314405
0.10510364
0.2237832
-0.089770064
0.03295815
-0.116569944
-0.01899676
0.1665053
0.17846644
-0.04249336
-0.0074112713
0.06789589
0.16289309
-0.14955105
0.026016265
0.13504401
-0.057808846
-0.12762406
-0.049174607
-0.09214339
-0.08985631
0.022153616
-0.02331771
-0.031808585
0.13407433
0.12214467
0.01869458
0.027338743
0.11146179
0.03984931
-0.17549162
0.04731682
-0.20135757
-0.11067505
-0.034688592
0.07196504
0.10944921
-0.070090204
0.14646891
0.0068392903
0.16519901
-0.16949359
-0.09652741
0.02734083
-0.17760094
-0.22471733
0.1749675
0.13459998
0.08637419
0.17183149
-0.18918636
0.10948917
-0.0644134
-0.033104837
0.04726273
-0.08432658
0.055333763
-0.11981488
0.12101579
-0.12845916
0.08522478
-0.17674047
-0.21391605
-0.123776756
-0.07446617
-0.053648368
0.22667986
-0.062777594
-0.13558733
-0.024425283
0.01589717
0.011211291
-0.063834965
0.13961604
0.15451518
0.01742354
0.038359195
-0.20070575
0.19588786
-0.04218495
0.079083055
0.055295855
0.2139529
-0.0038195103
-0.049217597
-0.12544379
-0.09127127
0.06691998
0.19684044
-0.067010865
0.011997268
-0.11553366
0.15115044
0.19033706
-0.042857304
0.13018337
-0.1850521
0.15456638
-0.10889142
0.04907435
-0.0690943
0.21801236
-0.0006072372
0.07545543
0.113631666
0.20560738
0.05965638
0.024139434
-0.118203364
0.12738147
-0.19966228
-0.12090077
-0.13002652
-0.085348904
-0.21448334
-0.04745008
0.13068095
0.07111761
-0.19571547
0.08685988
-0.09385544
-0.17761502
0.057703823
-0.008502454
0.07923302
-0.10823986
0.058763187
-0.30409846
-0.08403357
-0.018248087
0.09555791
-0.16002427
-0.20739591
-0.18548462
-0.63650733
-0.50615954
-0.10617107
-0.30694818
0.22135502
0.19405228
0.02405377
-0.1270194
-0.71139145
-1.0707045
-0.3587449
-0.36315936
-0.2482786
-0.20198765
-0.11054874
-0.06551942
-0.7207004
-0.9406155
-0.8951123
0.010093598
-0.15758078
-0.21990408
-0.0016740513
-0.036147363
-0.34014097
-0.65920496
-0.6171768
-0.10095861
-0.254075
-0.20191167
-0.0749695
0.03431709
0.038246464
0.061883513
0.16982718
-0.22942586
-0.034862928
-0.023912977
-0.06373468
0.2030833
-0.15286331
-0.2365035
-0.06525321
-0.08117177
-0.093550555
-0.08128318
-0.042170193
-0.062403392
0.00018210057
0.142074
-0.07757356
-0.00735284
0.045968574
-0.087844014
-0.2094061
0.08336103
-0.07816951
-0.06734797
-0.03790064
0.05547571
0.17001233
0.054590017
0.07840869
-0.07052675
0.1186457
-0.16808775
0.0028665513
-0.13405386
-0.11222388
0.0075425953
0.0031036735
-0.08534382
0.1723656
-0.14038986
0.0063450187
-0.12307753
-0.040334985
0.22336274
-0.1259167
0.09230116
0.09788203
0.017887577
0.15915668
-0.10534915
-0.18130848
-0.1295094
0.04411179
-0.08997138
-0.19657843
0.0531936
0.0015972704
-0.16758016
0.13450873
0.18556449
0.10532674
-0.07996197
0.050811023
-0.22138703
-0.12936041
-0.2116266
0.19830385
0.16188177
-0.22042789
-0.13756648
-0.09476949
0.02801159
-0.015182212
0.14515898
-0.07572523
-0.20949814
-0.23051211
-0.13233495
-0.14358276
-0.18919232
0.19183666
0.057364017
0.10856837
-0.17433475
-0.07844841
-0.017324394
0.2681656
0.17378491
-0.114286005
0.010900212
0.14813054
-0.016294532
-0.13436794
0.054922566
-0.589024
-0.10005595
0.026191251
0.050650623
-0.08246611
-0.059789762
0.024071952
-0.14707789
-0.48161817
-0.7573875
-0.49495414
0.09808893
0.22589996
-0.13859558
0.039076183
-0.064616956
-0.307551
-0.5785003
-0.33623147
-0.17050569
-0.25840247
-0.04670382
0.21902896
0.044201262
-0.12193385
-0.3093007
-0.565182
-0.099580415
0.085493445
0.23219319
0.101702854
0.07268573
-0.10426388
-0.04773057
-0.0923865
0.18604694
-0.05748342
-0.10071747
0.088408224
0.11367816
-0.033915415
0.03358017
0.06346474
0.11039932
0.20413184
-0.054198787
0.031294983
-0.059713494
0.13143791
0.01106911
0.10403752
0.23309064
-0.13433875
-0.08867616
0.18943907
-0.012693444
-0.09683472
-0.0070832022
0.17159405
0.05612349
0.13208692
-0.22730872
-0.21780021
0.21554148
-0.041494217
0.04514816
0.023805434
-0.20902589
-0.04134869
-0.0125707695
-0.2450347
-0.22136727
0.0025989555
-0.112242945
-0.17717426
-0.017064167
-0.23535581
0.058564484
-0.18476276
0.13359654
0.04135162
0.18485925
-0.10950696
0.055054054
-0.105674416
-0.06432217
-0.18700477
0.09367629
0.08830649
-0.20870215
0.1977122
-0.009807979
-0.09429336
-0.092508554
0.031008162
0.1847159
0.008042504
0.090052
0.1277291
-0.006700068
-0.23536232
0.024895249
-0.1665353
-0.0126725435
-0.14120384
0.18698658
-0.23049077
-0.16010235
0.030809794
0.062459268
-0.1283313
-0.19265015
-0.101673074
0.0947605
-0.124510765
-0.21788125
0.1913445
0.09742445
-0.26131696
0.04857363
0.12995957
-0.21168028
-0.3479152
-0.026771437
0.033556186
-0.061228145
-0.009763791
-0.02379303
-0.18515547
0.108035654
-0.16416132
0.039389804
-0.13413855
-0.19328193
-0.30718374
-0.07084303
-0.15773195
0.24848154
-0.48967713
-0.011921343
-0.17200047
-0.49057898
-0.28864253
-0.008535592
0.25088987
-0.018936068
-0.48918465
-0.16594703
0.10251898
-0.112021856
0.09372111
0.026504615
-0.024540309
-0.17568953
-0.25453034
-0.16100964
-0.17943573
-0.10099278
-0.041128874
-0.23198764
-0.32498553
-0.2201382
0.0024163576
-0.21033745
0.17134915
-0.18751588
-0.0052219275
-0.21855387
0.051277295
0.06526406
0.08032298
-0.238577
-0.18389341
-0.09016389
-0.006118989
0.09663228
0.08566358
-0.044804286
0.030689837
0.17574844
-0.3309757
-0.008447847
-0.18478017
0.18781829
-0.14521386
-0.067870714
-0.15663159
0.11137109
0.19594176
0.091303185
0.21930806
0.103377745
-0.3218407
-0.26402646
-0.14076665
0.069044925
0.26519987
0.20538075
-0.036764093
-0.008006968
-0.59111613
-0.4830026
-0.25188258
-0.18133715
-0.14613591
-0.17590943
0.04279443
0.19292483
-0.12333781
-0.5611851
-0.35448217
-0.008793173
0.074244194
0.21031582
0.03603564
-0.086051114
0.00526983
-0.14782575
-0.45294994
-0.22572309
-0.029977778
-0.1677208
0.19876094
-0.16260979
-0.12716942
0.026535233
0.07857499
-0.055773452
-0.100295335
0.09413258
0.09221649
-0.11898499
-0.077556476
-0.06704192
0.09205523
-0.2018797
0.23355609
0.02128011
0.13085863
0.15182868
-0.07805742
0.122546695
0.16145854
0.13142353
0.010822895
-0.19342995
0.04350244
0.115522064
0.0058889226
-0.049016546
0.18840389
0.07257612
0.3321456
-0.14436916
-0.15868314
-0.20125833
-0.028039072
0.21637231
-0.051000185
-0.13585767
0.22635022
0.07534044
0.089150734
0.011723703
-0.4866077
-0.07696828
-0.32312655
-0.27141955
-0.021798866
-0.08023615
0.07379533
-0.12030912
0.13746464
0.028419703
0.06471685
-0.23343961
0.14167963
0.09447089
-0.11228941
-0.2169395
0.21280126
0.053646136
0.047092922
0.054275293
-0.11089655
-0.04858371
-0.0008066717
-0.17735124
-0.029018497
0.013611465
-0.08047596
-0.21990459
-0.19357517
-0.21087149
0.20208201
-0.12382754
-0.06129256
-0.04666426
-0.28639022
0.0061622513
0.31300956
0.104466274
0.13968821
0.050613813
-0.16371161
-0.04328891
-0.010359324
0.09952857
-0.122291
0.15764591
-0.16125834
0.18658541
-0.13583827
-0.14156455
-0.054747112
0.08685369
0.23742428
-0.10330905
0.27324605
0.021259654
-0.46706274
-0.16026388
-0.18769355
0.17683274
0.06900745
-0.15645364
0.13894686
0.061198838
-0.56984234
-0.7439041
-0.31932142
-0.011009634
0.11758952
-0.10191447
-0.072132215
-0.14748792
-0.39791828
-0.19413558
-0.24332447
-0.30534303
0.13221896
-0.13395248
0.0019218541
-0.16660027
-0.23568782
-0.423586
-0.090453595
-0.001185687
0.17004475
0.048257984
0.043148473
0.10008185
0.07729107
0.20577778
0.12675294
0.21984582
-0.1708251
0.11357948
-0.02312736
-0.06841724
-0.109125294
0.08822549
-0.18320201
-0.012117327
-0.043232758
0.03741906
0.08076506
-0.14572847
0.12524791
-0.053282246
-0.023706684
-0.18679142
-0.14496057
-0.21005172
-0.266953
-0.1623773
0.016445646
-0.031544965
-0.16588174
0.1696081
0.08229744
0.17294514
0.14641613
-0.18457241
-0.7137726
-0.31617224
-0.42786786
-0.11610488
-0.09329989
0.24678175
0.007066007
-0.19324897
-1.1364241
-0.6053654
-0.5795987
-0.4738923
-0.0081963735
0.092405915
0.2198944
-0.2871994
-0.17381886
-0.73505086
-0.6582312
-0.15509884
-0.39258006
0.20517023
-0.12060482
-0.090089194
-0.3500879
-0.82452464
-0.9363244
-0.1888102
-0.14166139
-0.16450751
-0.090804935
-0.15257049
-0.026865821
0.21559832
-0.271063
-0.19197209
-0.0013129939
-0.14237714
0.02796814
-0.159396
-0.15715423
0.23821072
-0.056013845
-0.11136971
0.18915282
-0.15667231
0.008155164
0.019562682
0.17175639
-0.1857143
-0.04156899
0.01953735
0.15172471
-0.07347806
0.14817749
0.22728719
0.033149946
-0.24800271
0.12911001
-0.24162169
-0.23948942
0.0007765343
0.033900823
-0.096409254
0.12261797
-0.10410441
0.22578442
0.19663836
-0.02973973
-0.23051554
0.08329695
-0.0019221889
-0.1481118
-0.097942054
-0.015155501
-0.040914267
0.098593
-0.2041146
-0.13817681
0.19645752
-0.053185035
-0.036969382
0.18725482
-0.061725456
-0.22755139
0.019799512
0.19570035
0.041913647
-0.021448586
0.20697469
0.11271625
-0.17771564
-0.016016725
-0.06252283
0.12828949
-0.1255897
0.07554233
-0.092240185
0.048620094
-0.012883127
-0.23977432
-0.08430082
0.074093975
-0.049837045
-0.15095088
-0.15577327
0.0482714
-0.10982205
-0.03207834
-0.20633921
0.17381129
-0.03720449
-0.21950808
-0.18095648
-0.042574257
0.021311311
0.042750422
-0.10757564
0.2139062
0.13165615
-0.018493153
-0.053314816
-0.44470176
0.006416703
-0.28903136
-0.15453917
0.27121934
0.073443025
-0.36495954
-0.3327293
-0.01477035
0.21523787
-0.07125204
0.02487316
-0.05311332
-0.28016666
0.45085058
-1.3260344
0.35406688
-0.0995934
-0.02870729
0.039072577
0.18923399
0.07931576
-1.0045682
-0.792622
-0.46181968
0.28293398
0.059057966
-0.14920582
-0.054915972
-0.21866925
-0.40955484
-0.54914767
-0.51691693
0.14716923
0.10597583
-0.023525946
-0.3921154
-0.02735013
0.15950549
-0.080577716
-0.027500145
-0.16019332
0.11174167
0.24807712
-0.010344875
-0.213384
0.08495618
-0.29432264
-0.086535655
0.059486378
-0.28390774
-0.14205445
0.11414841
0.015054707
0.030546898
-0.16682097
-0.1705626
-0.24053252
-0.12646827
-0.07297631
-0.08996214
0.20061691
0.04399576
0.14732435
0.08214621
-0.101299725
-0.10499743
-0.14520198
-0.24211529
-0.13898462
-1.1678603
-0.09312536
-0.4645433
0.014528049
0.013259999
-0.16295762
-0.0193064
-0.07178582
-1.8015093
-0.62170494
-1.1238784
-0.20646106
0.06702172
-0.058964785
0.046680424
-0.06787659
0.0014028117
-0.74286246
-1.1463382
-0.64908844
-0.21792628
0.020293621
0.051563874
-0.010753532
-0.14472233
-0.91357666
-0.8074123
-0.3436778
0.29531434
-0.17921904
0.11566553
-0.017769216
-0.14048213
-0.081665285
-0.15143873
-0.06227996
0.15960771
0.032983735
-0.3692975
-0.20287722
0.17898178
-0.10044052
0.15143028
-0.18089196
-0.09199302
0.07252419
-0.15478525
0.15718491
0.20541713
-0.055157058
0.16741389
0.03857444
-0.012761985
0.09712881
-0.05341351
0.15778503
0.122642785
0.019911021
0.14522535
0.021342427
-0.20759702
0.13780597
0.047323376
-0.07878481
0.092821926
-0.21000274
-0.21455728
0.20218283
-0.16146217
-0.03315179
0.1649546
0.20000735
-0.18054143
-0.06834872
0.06570381
-0.036203086
-0.033095732
-0.13687785
0.13204318
0.054775715
0.029480338
0.11692941
0.0995931
0.03825441
0.059724927
0.07486531
-0.17957787
0.10886869
-0.21514994
0.13190413
0.025184661
0.044475228
0.20553842
0.1001178
-0.09256707
-0.119788006
-0.07828987
-0.19456181
-0.21605892
0.12816232
0.12080139
-0.19207388
-0.2102105
-0.0014322847
-0.09271982
-0.07188751
-0.024354428
0.19271898
0.21911672
0.21728012
-0.1784833
0.055969
0.061960667
0.03660527
0.07143137
-0.054018155
0.03591609
0.23079658
-0.08782282
-0.044010013
-0.028645456
0.25628784
0.23677374
0.078280196
-0.041690454
-0.08851427
0.16403608
-0.14322014
-0.57966787
-0.039085813
-0.26737094
-0.20672433
0.091145135
0.14275353
-0.15900683
-0.10092831
-0.41452098
0.16589233
-0.5886634
-0.14916427
-0.013298775
0.25593704
-0.25184938
0.06653126
0.28259087
0.018622309
-0.28651232
-0.31696624
0.21677293
0.30195418
-0.13404231
0.056386378
-0.11812624
-0.16399908
-0.23687173
-0.5246174
0.14999329
0.018359605
0.05456182
-0.19956616
-0.05348169
0.05784995
0.042709097
-0.20705509
0.113265
-0.23557231
-0.008322966
0.076149784
-0.20749998
0.1520447
0.094919175
-0.028246615
-0.026212212
0.060995523
0.0867185
-0.15642624
-0.0020357284
-0.1438795
0.07179601
-0.05242034
-0.12915961
-0.24430321
0.046826757
0.2038384
0.17965189
0.08290893
-0.36977914
-0.008946084
0.15703112
0.07797122
0.04314907
0.24322534
-0.3647053
-0.4095335
-0.037687883
0.1355716
0.09528161
0.015376584
0.09199745
0.069916055
-0.005297861
-1.1088979
0.05854133
-0.16044147
-0.14968574
0.2954525
0.073215805
-0.18803005
-0.7634091
-0.6543078
-0.387866
-0.021950953
0.023548856
0.18499933
-0.0023828459
0.08276022
-0.20766488
-0.7028973
-0.3530294
0.119603984
-0.26479
-0.16547835
0.111571714
-0.2109467
0.2873831
-0.26642734
-0.0055514723
0.2177156
-0.016912123
-0.014766266
0.036101483
-0.10583557
-0.18264562
0.16931461
-0.11576597
0.12927654
-0.079852685
0.02637331
0.22132055
0.19796346
-0.093466185
0.060596097
0.21071266
-0.05352815
0.18833181
0.0562126
0.115412764
0.11875553
-0.0023552359
0.09367134
-0.2870135
-0.0076640276
0.17882985
0.24804197
0.2698043
0.22381678
-0.16272342
-0.29928935
-0.06563148
-0.16398467
0.06435278
-0.007879004
0.2414836
-0.18851139
-0.09214932
-0.8005584
0.2247019
-0.10389643
0.046915762
0.30247933
0.18427408
-0.09103725
-0.54854655
-0.16316563
-0.14735593
0.2281858
-0.062120892
0.081777744
-0.07050994
-0.051930156
-0.0073469523
-0.5228639
-0.108349375
0.031130133
0.0029498935
0.19798613
0.062516145
-0.18259642
0.099297255
-0.07489955
-0.017122835
-0.14183445
0.13767526
0.21272555
0.11587611
-0.10901942
-0.027365688
-0.008199531
0.020378664
0.12884176
-0.049691603
-0.097297065
-0.09713141
-0.014039746
-0.13201548
0.19156581
-0.18288341
0.08623173
-0.033835195
-0.15752436
-0.04233602
-0.017698117
-0.06998845
0.16743815
-0.12209968
-0.1366032
0.2152774
-0.08895302
-0.026600588
-0.083009906
-0.2936085
-0.12759407
0.063374974
-0.13534953
-0.13048537
0.027817773
0.1046109
-0.07558486
-0.63515234
-0.54050195
-0.12664238
-0.33828935
0.037809994
0.053064805
-0.06301702
-0.0015332797
-0.37548473
-0.59462935
-0.2832109
-0.26323527
-0.14591151
-0.042968538
-0.122352004
-0.056417637
-0.30595133
-0.18888666
-0.30693302
-0.24592976
0.19696149
-0.003556024
-0.020799337
0.15535149
-0.13494898
0.06250318
0.10798277
-0.12923923
-0.08392164
0.03869711
0.17137736
-0.0023827644
0.22095759
-0.18937728
-0.17209546
-0.09720525
-0.1310137
0.25835213
0.23613678
0.19368374
-0.064029485
-0.19568571
0.15650153
-0.11351355
0.05212259
0.17832603
0.18307245
-0.059049144
0.11484507
-0.20667392
-0.027436808
-0.15858962
0.04954788
0.21180922
-0.1567923
-0.02861458
-0.034359634
-0.09065355
0.22528896
-0.116105355
-0.072235554
-0.16778511
-0.1372197
-0.14278129
0.017201155
0.16633043
-0.12502053
0.08787811
-0.049357265
-0.2050437
-0.079647645
0.053757012
-0.20365816
-0.09534633
-0.059991732
-0.03414929
-0.16356322
-0.007799089
-0.21394016
-0.028779134
-0.22730106
-0.07417403
-0.20356706
-0.06020032
-0.14440885
0.13213253
-0.07625912
0.018088654
-0.14581846
0.09330344
-0.22718954
-0.21153893
-0.01576434
0.18110627
0.027574092
0.20637852
-0.16283143
0.002454266
-0.005191803
0.22782275
0.20810983
0.1526109
0.025033742
0.21952283
-0.06024453
0.04824841
0.021779537
0.22198823
-0.14780405
-0.0045479834
-0.122441575
-0.042469833
-0.024936419
-0.14950989
-0.057268046
-0.015602235
-0.18229824
0.056266274
0.11507516
0.16839115
0.24426919
0.10390276
0.16370553
-0.17583244
0.21716683
0.17967024
-0.036243957
-0.20805155
-0.009342424
0.08223781
-0.041000836
0.13507205
-0.02919548
0.12737723
-0.22972256
-0.22577691
-0.23717478
-0.065217786
-0.25363246
0.10584942
-0.17532521
-0.14954273
0.067069195
-0.00019795721
-0.28089273
-0.16122654
-0.15032387
-0.095220655
-0.135467
-0.27331904
-0.0023939218
-0.1481732
0.0810249
0.035300788
0.16769128
0.20355201
0.16273548
-0.1522396
0.06740527
-0.112051435
0.079991214
0.029887645
-0.04452014
-0.03617173
-0.07374304
-0.17452452
-0.13364676
-0.1626062
-0.25426838
-0.036374882
-0.033317823
-0.1924075
-0.023775963
0.085257575
0.14539833
0.06399778
0.11411535
0.05339572
0.14469871
0.14195254
0.0070730206
0.10761592
0.2011863
0.22298019
-0.1729252
-0.12656824
0.13028066
0.059087846
-0.15793757
0.20196655
-0.17125374
-0.12676829
-0.70209056
-0.70106685
-0.14319941
0.06904467
-0.010857352
-0.004835927
0.024298059
0.061968654
-0.08145958
-0.40116256
-0.34633216
0.048333343
-0.073458344
0.03194349
-0.051086795
-0.14730333
-0.24711414
-0.20977311
-0.2133425
-0.029122783
0.039540924
-0.004210102
0.038563773
0.22361466
0.08206218
0.089022234
0.14516056
-0.02079566
0.051379893
0.11618476
0.07310006
0.020708298
0.19233732
0.22499573
-0.1284678
0.12809733
-0.053028382
0.13249275
0.021051269
0.004712821
-0.05326498
0.19527194
-0.12103286
0.037189353
0.030101687
-0.035973415
-0.07456811
-0.06784856
-0.04032646
-0.13018486
0.03773256
0.2245049
0.20094083
-0.05243564
-0.115185946
-0.042609423
-0.3383347
-0.10215079
-0.2037586
0.15545768
-0.09375386
0.07552847
0.24303305
-0.14636771
-0.09333908
-0.77250797
-0.0050736954
-0.027463447
-0.025114188
0.09805529
0.087531626
-0.16902515
-0.48425382
-0.052600086
-0.18777184
0.07770125
0.04361251
-0.1077175
0.060378063
0.039953336
-0.30676678
-0.32528532
-0.49093685
0.29607004
0.026840555
0.17412442
0.012916715
-0.13821712
0.2956137
-0.15366758
-0.20953944
0.023513285
0.13758998
0.07720876
0.11159949
0.21917734
0.07952723
-0.21066925
-0.007434974
-0.060912594
-0.022329867
-0.1332919
-0.03557519
0.056578737
-0.14940667
0.070372835
-0.18636791
-0.03758157
-0.061035693
0.14208798
-0.08484759
0.20157285
-0.09535998
-0.10543908
0.2973507
0.18189462
0.1297855
-0.2503259
0.17244615
0.006046683
-1.2784706
0.04111712
-0.43547016
0.243511
-0.0756384
-0.04253661
-0.27979368
-0.12461134
-1.8216249
-0.02068794
-1.1950256
-0.5232184
0.1479515
0.0037685526
-0.3195816
-0.1418205
0.25511795
-0.84330314
-1.1250224
-0.24108905
-0.123020895
0.080206975
-0.071964644
-0.24090177
-0.15227409
-0.78821
-1.2285745
-0.34491804
0.11726951
-0.060199887
0.05744001
-0.0761094
-0.35023335
0.05474031
-0.20269252
0.08371481
0.083119
-0.30209917
-0.3452991
0.059767973
-0.00238055
0.28895164
0.016580792
-0.10690407
-0.006597438
-0.105151094
-0.21389814
0.04101744
0.15801221
-0.073444225
-0.02788852
0.21762973
-0.19284673
-0.21324633
0.09414463
0.27940816
0.1866439
-0.018374374
0.03895176
-0.05073403
0.2587516
0.21543288
-0.10853051
0.026874157
-0.7949428
0.0014745288
-0.3350643
0.1331209
0.03251195
-0.1341115
0.06399082
0.23074986
-1.4556919
-0.3778136
-0.687743
-0.09954341
-0.13600728
0.21470922
-0.05782479
0.07839
0.0017913501
-0.24594136
-0.6419719
-0.46928114
0.08368573
0.2234977
-0.040318154
0.031782977
0.034356426
-0.21498398
-0.67720014
-0.31514248
-0.10133319
-0.10763971
0.044219423
0.08806228
-0.08117058
-0.12784106
-0.31096804
0.004058436
-0.005132196
-0.15930904
-0.2279224
0.12931472
-0.14944895
-0.16790237
0.045615252
0.077862546
-0.04479802
0.053422492
-0.16152519
0.060912035
-0.089018315
0.10756948
0.048434768
0.22478321
-0.21994165
0.1854415
0.044591226
0.03282113
-0.12698148
0.07414164
0.17413849
0.0033019707
0.004367931
0.04411365
0.17795184
-0.1054967
-0.24123889
-0.09469118
0.10269029
0.15786539
0.13918087
-0.15514095
-0.13704172
0.17978688
-0.72988033
-0.5231797
-0.42806605
-0.13595459
0.1576979
-0.025762362
-0.04945846
0.102599226
-0.48080283
-0.07176608
-0.43914488
0.09820257
0.025371797
0.10236115
0.05329176
0.16314419
-0.23295507
-0.28283393
-0.20788787
-0.096896805
-0.012537879
0.23352085
0.16045451
-0.037453685
-0.16278723
0.14137854
0.15736137
0.049300633
-0.26562348
-0.03612005
0.016965164
0.14519082
-0.12072958
0.046494257
-0.0025220371
0.1070846
0.10181631
-0.06874511
-0.1066678
0.027748233
0.23081128
-0.052931424
0.046634834
0.13435987
0.20748283
-0.02486391
-0.08458305
0.17287926
0.12844905
-0.0026020692
-0.12799183
-0.16458863
0.029366393
0.10738825
0.04060342
0.040070888
-0.44160974
-0.52562964
0.07094543
-0.15651125
0.23322113
-0.028567625
0.25568387
0.1321528
-0.37945247
-0.9444637
-0.0026600878
-0.050032
-0.12425354
0.21255662
0.12119359
0.27919444
-0.50514936
-0.64672256
-0.3075997
0.055970576
0.08502692
0.06340311
-0.0074022287
0.20884345
-0.20566604
-0.4671068
-0.33499804
0.0072169257
0.1426421
0.14999512
-0.17459455
0.08789253
-0.11191351
-0.23155852
-0.08695316
-0.07958151
0.19414788
0.20621586
0.15994187
0.026051397
0.11202614
0.055447467
-0.011320411
0.15603769
-0.012018615
-0.119203076
-0.04993395
-0.16400328
0.11137049
-0.059177253
-0.0978004
-0.08993605
0.15309362
-0.0139726065
0.22799203
-0.1072397
-0.04824411
0.25047743
0.19794944
0.037430264
-0.1747276
-0.007539416
0.02931491
0.15515329
-0.19659579
-0.110743366
-0.2712404
-0.25519264
0.22513032
-0.023521766
0.12525108
0.14080709
-0.5793506
-0.5339017
-0.3145816
0.034231428
0.22889358
0.04345296
-0.15637079
-0.055786125
-0.5446081
-0.16984703
-0.17158774
-0.27432743
-0.125113
-0.11238112
0.100138105
-0.20523518
-0.22249417
-0.16289406
-0.43456903
0.05226008
0.017927635
0.2521351
-0.11580783
0.2144027
-0.05323563
-0.24135126
0.13878667
-0.19544272
0.15277523
-0.041047998
0.115075
-0.03172482
0.2268343
-0.22107576
0.17883822
0.1132326
0.119559236
0.24759428
-0.139005
-0.11622944
0.12687586
-0.047507014
-0.18817997
-0.021687357
-0.11802637
0.09479155
0.23475659
0.084048726
0.08719577
0.18057667
0.15368989
-0.10751931
-0.10101516
-0.14896566
0.114640415
-0.103644975
-0.70073336
-0.2629198
0.12576887
-0.091387026
-0.115639456
0.0018249956
0.21131073
-0.22133304
-0.53996783
-0.6276213
-0.20500518
0.033313166
-0.08355607
0.051623307
0.13138
0.1029728
-0.6891001
-0.43021265
-0.35817072
-0.21942833
-0.11327291
0.15285675
0.29763877
-0.11502466
-0.0077798045
-0.722674
-0.63528454
-0.025167452
0.12407227
0.005368684
0.12003666
-0.13009937
-0.08241624
-0.015823323
0.14256743
0.009616064
-0.1026535
0.043803606
-0.03876217
-0.20592587
-0.21821658
-0.20721376
0.12631845
0.040250015
0.17243376
-0.027858272
0.20114043
0.11487076
-0.11900697
0.00014967626
0.19393967
0.08747275
0.09242483
-0.05886584
0.016647205
0.21998018
0.06273223
0.1539141
-0.050901327
-0.0734407
-0.068909466
0.25565878
-0.07240282
-0.10245072
-0.028129108
-0.0422073
-0.16076161
0.12302797
-0.10978695
-0.08810673
0.20736593
0.059078347
-0.13101757
-0.5965636
-0.074663095
0.044241887
-0.07831565
-0.1432307
0.179695
0.2703836
-0.4780216
-0.37571967
-0.27777094
0.2261818
-0.19559446
-0.08289501
-0.1020574
-0.2199545
0.09721365
-0.007179378
-0.007675009
-0.048306745
-0.31490895
0.004318493
-0.20815252
-0.2721127
-0.18766765
0.05832304
-0.17438087
0.12885338
0.039129023
-0.07222122
-0.14138134
-0.15784049
-0.122932136
-0.30506453
-0.21730286
-0.13039377
-0.13328846
-0.1213342
-0.06817197
0.07677269
-0.14399192
-0.14935091
0.276351
-0.4495081
0.2664876
0.18409266
-0.17823173
-0.052591354
0.27435085
0.08591327
0.3187259
0.24981181
-0.15807927
0.0933148
-0.22397964
-0.0649248
-0.6524289
-0.26527867
0.06901539
0.16000515
0.041478675
0.0472308
0.23948584
0.11075928
-0.89199555
-0.73544854
-0.36424288
0.11900501
-0.11297858
-0.22652003
-0.06776113
0.0060594142
-0.13064982
-0.5778787
-0.85293704
0.16544622
0.07930229
0.18059902
0.092800245
0.16441497
0.031358875
-0.6178713
-0.6310598
-0.10680666
0.005468689
-0.0069295582
0.1300176
0.08516605
0.18051054
0.17653961
-0.25306287
-0.21307951
0.12862152
-0.06497158
0.13336833
0.0732979
0.025722962
0.21585585
-0.18457073
-0.11069504
-0.21304525
0.14983219
-0.067635484
-0.12468139
-0.12999274
-0.17457078
-0.19877535
-0.113564216
-0.0022762835
0.13122611
0.002464069
0.066602394
0.04037338
-0.16907644
-0.21279395
-0.09990655
-0.112138204
0.14958172
0.13066854
0.21046416
0.036146734
0.123087175
0.2239457
0.075698465
0.14065449
-0.06822088
-0.12755547
-0.18836603
0.04545682
0.03315851
0.077093214
-0.22972141
-0.024522373
0.032170117
-0.0805598
-0.089048445
-0.14566383
0.20915514
-0.134734
0.15592702
-0.09304766
-0.16373976
0.053299733
-0.10173377
0.034313034
0.21617413
-0.20990533
-0.1440693
-0.01784614
-0.020125134
-0.13824706
-0.029408641
0.15493204
0.2034593
-0.13400166
-0.025662862
-0.1646631
-0.24771543
0.07141022
-0.21247733
0.068896815
-0.17052314
0.21929164
-0.047449343
0.011037092
-0.1721896
-0.16934481
0.00894888
-0.023123791
0.01377944
0.14984348
-0.13260238
0.06679584
0.24094178
-0.014231846
0.11412924
-0.08708251
0.045899633
-0.16653313
0.17101192
0.012649852
0.12845312
0.027187828
0.3521297
-0.43628845
-0.12689196
-0.2545381
-0.21108997
0.13032205
-0.028683716
0.117919736
0.12035731
-0.37361044
-0.49609727
-0.26804072
-0.4041718
0.39969924
0.006203129
0.24230008
0.20206177
-0.50716406
0.047838416
-0.022690305
-0.37714636
0.023007974
0.090937674
0.034381535
0.02550896
-0.38455203
-0.025262095
0.1992479
-0.16688389
0.3211522
0.32201618
0.36449352
0.101818696
-0.22395001
-0.30555665
0.15149395
0.09149329
0.35522956
0.28753635
-0.125826
0.01896499
0.37031478
0.24512567
0.30712348
0.017080592
0.17639394
0.16372201
-0.09370029
0.22930835
0.256612
0.35030898
0.22702739
0.32996845
-0.00780367
0.022945875
0.51562595
-0.18327174
0.005404751
0.007502549
-0.03602765
0.03220403
0.032727104
0.4351813
0.21929605
0.13331293
-0.08813958
-0.37905732
-0.47680065
0.19031033
0.22106144
0.12564807
-0.19698484
-0.33967733
-0.48943734
-0.19471958
-0.25160965
-0.089644484
0.010319136
0.049982917
-0.09089732
0.112089396
-0.28235215
0.5040073
0.60918957
-0.19706778
-0.43861702
-0.09047849
0.14784104
0.22995473
-0.32583404
0.4110126
0.5350889
-0.45335013
-0.03614192
0.38533667
0.11111618
0.111541584
-0.2443818
-0.23901005
0.061984543
-0.17488624
-0.11345794
0.25925002
0.17150955
0.40046266
0.34179002
0.10559536
0.003433025
0.35360497
0.1339125
0.10776206
0.29730007
0.084740624
0.09368391
0.12150425
0.5165217
0.2900375
0.16576116
0.28260913
0.21132906
-0.083009884
-0.040844545
-0.18291901
-0.21075384
0.058104187
0.21231712
0.014358365
0.18983869
0.28515792
-0.32831398
-0.50131947
-0.14229713
-0.015814744
0.06449201
0.3940124
0.24703841
0.027672982
-0.46159098
-0.27492797
-0.16244726
-0.13725741
0.18858719
0.3468236
0.25622648
-0.09329917
-0.35861257
0.20333546
0.18084945
-0.1838807
-0.044348292
0.3121707
0.3042083
0.10871788
-0.21598887
0.17992394
0.1382948
-0.02019156
0.011583669
0.2283207
0.32562605
0.090655155
-0.26643687
-0.14306529
-0.14930949
-0.05441364
0.15956202
0.25835094
0.21678749
0.2763745
0.12958448
0.17623304
0.37455857
0.18628001
0.39467585
0.21837106
-0.06367819
0.29941604
0.2818623
0.33516636
0.2832345
0.35551473
0.15250966
0.20956512
-0.31627488
-0.012189652
0.0011135044
0.05720687
0.12934907
0.2869409
0.1035138
-0.23034693
-0.20067587
0.07479427
0.30191934
0.21497211
0.34213606
0.15486413
-0.20742925
-0.31952143
-0.080449186
0.0147055285
0.22059035
0.2856752
0.13455175
0.076786384
0.045756783
-0.09555395
-0.015767345
-0.029321795
0.35614234
-0.536712
-0.08106009
0.24102299
-0.05161242
-0.036664113
-0.030946545
0.18402141
0.38336995
-0.39408612
-0.48951113
0.31264672
0.07999188
0.023711873
-0.21186931
0.1327763
0.27836815
0.33441
0.23018838
0.22298029
0.0329404
0.057379637
-0.24807043
-0.2579174
-0.07739749
0.12082825
0.15805236
-0.00010423627
-0.27313834
-0.40497717
-0.28904948
-0.4435427
-0.27584425
-0.1213342
-0.24460463
-0.33069736
-0.30579376
-0.20904502
0.08832678
0.23047659
-0.150226
-0.047456615
-0.07592572
0.024944834
0.24628071
0.47980493
-0.099408135
0.0043225414
0.7948292
-0.1743651
-0.24223778
-0.29506135
0.02573949
-0.07382176
0.06773911
-0.33979455
0.2584471
0.3906163
0.51266986
-0.043383524
-0.05747822
0.15804401
-0.11720548
-0.07872661
0.35548285
0.2771191
0.14147295
-0.025993345
-0.07779022
-0.1555582
-0.093494326
-0.35062698
0.7316483
0.2285008
0.07975838
-0.32262528
-0.09924671
0.020371791
-0.08769378
-0.25248426
0.012908867
-0.2990441
-0.15246326
-0.36248598
-0.15963958
0.14152497
0.022263663
0.24751917
-0.31001648
-0.29468971
-0.13045277
-0.28270715
0.25462782
0.2369234
0.43099937
0.07532596
0.07954185
0.08401237
-0.2567588
-0.007403089
0.18058123
0.36929208
0.3118778
-0.028608259
-0.015291236
-0.11299588
-0.2194347
0.18447591
0.20659031
0.40082768
0.055461295
0.24586347
-0.2916229
-0.11435461
-0.28946108
-0.13393317
0.26411337
0.17882726
-0.23472442
-0.2795871
-0.2758086
-0.17705022
-0.19992536
-0.34838837
-0.12762734
0.37907913
0.18050414
-0.1508528
-0.09961457
0.049237147
0.4730796
-0.42647797
-0.2912512
-0.014185258
-0.08016516
-0.043100957
-0.15953328
0.06488403
0.13783859
-0.43224424
0.073695704
0.11614995
0.07403944
0.31872466
-0.38880768
-0.33487406
-0.13486105
-0.28569192
0.32809764
0.35255954
0.40448153
0.2490522
0.060306985
0.08618803
0.22979935
0.4352309
0.07083424
0.0029972778
0.16523285
0.063657396
0.1575165
0.268825
0.3778509
0.18465091
0.112107135
0.279871
0.006764682
0.3913485
-0.40328664
-0.20472544
-0.09049318
0.060366686
0.2457325
-0.012662262
0.2019398
0.104891255
-0.30902207
-0.45806637
-0.09228725
-0.2959793
0.019640375
0.18522508
-0.16697374
0.3634866
-0.13206045
-0.55238944
-0.23631269
-0.3291003
0.118811
0.23298965
0.21697417
-0.21169911
-0.24902026
0.06179955
0.059924997
-0.10567382
-0.0421941
-0.029759685
0.12640873
0.21381524
-0.3337761
0.17319593
-0.0074540293
0.013950867
0.059287854
0.122156516
0.2609469
0.33145666
-0.29045904
-0.20783876
0.073787294
0.1292174
0.28314546
0.2241945
0.0392987
0.18259293
0.33854854
0.43117508
0.273706
0.107174315
0.34552038
0.20601703
-0.049313575
0.03989172
-0.002033578
0.4141935
0.09383131
-0.057109818
0.16935685
-0.14077608
-0.18674344
-0.19829826
-0.28019443
-0.095412016
0.19729349
-0.061903387
0.02320144
-0.15628485
-0.10874317
0.035065107
0.5924977
0.5297914
-0.23941687
0.26086545
-0.036902733
-0.37376562
0.03151816
0.2907798
-0.79148257
-0.973036
-0.7276188
0.28624302
-0.0018794145
0.1013913
0.25021294
0.5733646
-0.6955972
-0.055380404
-0.2176065
0.3879447
0.36705366
0.20467527
0.08570614
0.06284403
-0.4207096
-0.00012513081
-0.024783848
-0.033403
0.20643243
0.18173982
-0.2327678
0.16735867
-0.033578437
0.5327566
0.20279455
0.25156763
0.15531191
0.0175103
-0.14603557
-0.05906913
-0.018406596
0.1791156
0.14152746
0.084786184
-0.27994245
-0.21093075
-0.3065269
-0.14298259
-0.17303167
-0.011619626
0.1779943
-0.3006232
-0.30047965
-0.44113111
-0.04308022
-0.28087386
0.0057637123
-0.3269642
0.013812349
-0.25832933
0.20429158
0.01020995
0.22404502
-0.025004853
-0.9356452
-0.15252858
0.5054819
0.15496501
-0.07696851
-0.022316897
0.04206956
-0.000831726
0.31984395
0.25750062
0.29423788
0.18120761
-0.2695234
0.0009641707
-0.17268819
-0.02136097
0.43225262
-0.098289855
-0.16490631
0.14683074
-0.3038331
-0.10845726
0.25676882
-0.2515584
0.20509498
-0.018245336
0.13908911
0.22387657
-0.28609526
-0.11233875
0.11197993
-0.12539493
0.35310042
0.0041045183
-0.2924122
-0.117239155
-0.28906855
-0.055142153
0.19684958
-0.13047108
-0.31359285
-0.1747253
-0.43180504
-0.15674046
0.20573895
0.12778467
0.023332212
0.25910255
-0.19739532
0.08146832
-0.08108955
-0.13207799
0.07287243
0.06696177
0.1924893
-0.014876953
0.06699619
-0.37942246
-0.13065034
-0.09509598
0.03442929
0.41090596
-0.05721872
0.07266421
-0.55197453
-0.15535595
-0.40406504
0.023322487
-0.010316358
0.09014278
-0.17428596
0.46959612
0.072942056
0.8449318
0.66848975
0.1127054
0.055136923
-0.12714933
-0.12339638
0.0034099692
0.49587286
-0.21601713
-0.06167869
-0.08604706
-0.24928404
0.0038087394
0.0174681
0.010733773
0.10208925
-0.046260826
-0.1573267
-0.030319124
0.04455247
0.04818372
-0.33200753
-0.04449817
-0.249923
0.28563893
-0.069147095
0.14443538
-0.34276217
-0.081644416
-0.15590101
0.13692044
0.13667043
-0.28503242
-0.34423545
-0.002410998
0.04446373
0.18833047
0.12505095
0.16693991
0.06935311
0.17788988
-0.005669149
-0.008371026
-0.022959819
-0.01956751
-0.19537754
-0.0121112075
0.081634395
0.38347235
0.30041614
0.32574973
0.005471226
-0.0065707644
0.111636266
0.3574344
-0.91207993
0.35968336
-0.2130214
0.38077423
-0.16579448
-0.2085
0.06789658
0.30751947
-0.44577235
-0.2781954
-0.5185811
-0.005324924
0.34869632
0.24212079
0.019018095
-0.0052211536
-0.22118099
-0.12537469
-0.15993579
-0.45376313
0.28379428
0.23450418
0.38007995
0.40226594
-0.397094
0.11405446
0.008151312
-0.15055306
0.23587894
0.03622545
0.14115779
0.24604265
-0.02126927
0.28556412
0.336656
0.29447478
0.13018724
0.065087415
-0.13271531
-0.10552944
0.10391905
0.1897088
0.23345046
0.2134039
-0.058575686
-0.15107942
-0.086331576
-0.14573342
0.09846921
0.049022157
0.008054743
0.05973565
-0.059107583
-0.35478663
-0.24642989
0.025095873
0.024485469
-0.102275044
-0.011416211
0.10714499
-0.02586265
-0.07005565
-0.37963602
-0.13729861
0.250367
0.03690887
0.28497794
0.21423835
-0.15785967
-0.08814254
-0.03549787
0.28653643
0.23909193
0.36560962
0.40818414
0.18402378
-0.18801437
-0.084924966
0.053266164
0.09160563
0.4151525
-0.3761904
-0.13382833
0.4614589
0.26471198
0.15557359
0.09212931
0.35200986
0.17701025
-0.05123545
-0.20759244
0.23540495
-0.014792966
-0.37742713
0.038334075
0.38463464
0.11552975
0.07907709
0.15829094
-0.09319097
0.3097553
-0.066378936
-0.3070318
-0.17135173
-0.35526156
-0.09382069
0.059111163
0.03597914
-0.1771366
-0.072814025
-0.43411207
-0.15456958
-0.25427118
-0.2663499
-0.2504339
-0.11319879
-0.3217919
-0.33122924
-0.08949407
0.14000878
0.44466794
-0.21008977
0.3198646
0.19600035
0.06469623
-0.18519658
0.071685806
-0.17495807
0.5384061
0.46259546
0.08462118
0.21371545
-0.17830953
-0.29197913
-0.050147016
0.2614713
-1.0729855
0.5474373
-0.8669958
0.3427233
-0.103969425
0.034177184
0.16785958
0.38702866
0.6479599
-0.2512742
-0.32509664
0.04209498
0.18598399
-0.33313704
-0.14708279
0.2975567
0.51950353
-0.17851228
-0.20243126
0.32244027
-0.0698603
-0.019717196
-0.030658852
0.07921327
0.009043298
0.1169477
0.047259603
0.06329017
-0.10341106
-0.33688045
-0.010936329
-0.3738692
-0.08268406
-0.27543107
-0.07365019
-0.08424569
-0.20982404
-0.23878285
-0.33236814
-0.07841031
-0.16218725
0.029447854
-0.008686549
-0.14667492
-0.27633774
-0.09730878
0.2471735
0.060802434
-0.2601615
-0.27486962
-0.21319516
-0.039661586
-0.0072631836
0.07409332
-0.028808113
0.1663473
-0.42013225
-0.24745831
-0.19950749
-0.3692607
0.31664506
0.051568285
0.24057631
-0.22914763
-0.41930524
-0.5485449
-0.37446094
-0.4346287
0.29312292
0.12482048
0.17530802
-0.079520576
-0.14821033
0.085762724
0.12959006
-0.19388613
-0.16084558
0.118593134
0.17829067
-0.2647402
-0.33118132
0.42238367
0.2443705
-0.2539314
-0.12609674
0.054716863
0.20416057
-0.028951857
-0.008349966
0.21751808
-0.46745244
-0.21446037
0.011352407
0.19708085
0.16426878
0.23198926
0.14692023
0.08151533
-0.08418112
0.11148307
0.2259293
0.27635834
0.4229809
0.11751629
0.23064926
0.1625993
0.17683485
-0.08659608
0.32183987
0.20652713
-0.28227216
0.1755912
0.0041921893
-0.03870664
0.77101636
-0.16686542
0.36836457
-0.31297824
0.057123516
-0.19157691
-0.811528
-0.2451922
0.85879874
0.15410957
-0.0148552405
0.1742976
0.21091008
-0.26725647
-0.48452082
-0.72555184
1.1099851
-0.098630376
0.13740224
-0.012685535
-0.051468566
-0.163113
-0.3712914
0.33092755
0.2485062
-0.27020952
-0.4470742
-0.034767743
-0.060653526
-0.111496635
0.62194896
0.36186165
0.2520787
0.12131441
0.08147546
0.2707399
0.0818012
0.2523348
0.3149094
0.03650719
0.12831478
-0.21482828
-0.15527566
0.06654704
0.1749993
0.20855242
-0.04741382
-0.12965702
-0.13469407
-0.15799424
0.2971718
0.09848616
-0.03899126
0.30882767
-0.118790224
-0.09403343
0.0058171065
0.027034085
0.18130827
-0.1771341
-0.030913947
-0.030171316
0.2832665
0.09485556
0.34574607
0.03597376
-0.07355704
-0.24300043
0.01162775
-0.35095838
0.6449016
0.4523271
0.14537019
-0.0055408566
-0.2035216
-0.008577765
-0.12787078
0.05934691
-0.8907679
-0.35985917
-0.65085566
0.3617431
0.19095649
0.09850625
-0.06806033
0.2652769
-0.774247
-0.03052589
-0.014177842
-0.15456134
0.0732122
-0.10666519
0.118313655
0.07284338
0.15276295
-0.41198495
-0.3244225
0.051502097
0.145524
-0.05298173
0.14828694
0.17533457
0.04121638
0.13381048
0.052794974
0.27724576
-0.13716921
0.018154763
0.021954793
-0.041524686
0.10620075
0.3282127
0.04887687
0.15515843
-0.14649892
-0.19296072
0.025640955
-0.3301862
0.064070396
0.19209671
-0.10803218
0.15932313
-0.29145145
-0.33726776
-0.101578236
0.032755725
0.1047129
0.04060698
0.04070384
0.01642765
-0.044617247
-0.06368333
-0.056638785
-0.001776795
0.07863379
0.030735405
0.10224526
0.020405116
-0.02995929
-0.034925222
0.07577669
0.07523274
0.18633308
0.22834103
0.17116067
0.06581115
-0.006111195
0.0017110984
0.030295111
0.083859034
0.13082565
-0.28195378
-0.2916401
0.15271449
0.00880805
0.025883967
0.11628918
0.026622426
0.09302473
-0.30295274
-0.29563096
0.06393039
0.01027335
-0.0084798075
-0.10661371
0.011347755
0.060798217
-0.0029509333
0.0055560446
0.018215831
-0.04640721
-0.026981954
-0.10514756
-0.064400114
-0.028309962
-0.035263255
-0.08095189
-0.11457545
-0.13683344
-0.018424511
-0.07113358
-0.075667955
-0.038738538
-0.089924544
-0.064247295
-0.077858634
-0.056963176
-0.09766816
-0.1956241
0.3185142
-0.11502907
0.32561168
0.25452965
0.24568848
-0.33163753
0.26088223
-0.09126436
-0.27976605
0.061648224
0.2995986
0.19785894
0.2009421
-0.017822802
0.20679292
-0.13073619
-0.26765177
-0.31161445
0.086423725
0.26563048
0.062034808
-0.029518548
-0.05326777
-0.37687528
-0.033140384
0.20594655
0.10790501
0.20956641
-0.13209733
-0.31647497
-0.11309662
-0.13727862
0.051035088
0.117660515
-0.13408694
0.087885424
-0.123294905
0.053395014
0.020916283
-0.02364622
-0.038170025
0.08394986
0.102317795
0.004430946
-0.040363137
0.012149987
-0.024973398
0.0022860407
