0.34844089186524707
0.40430739587731546
0.47076326799608037
0.4821583713644843
0.48248736144207055
0.4734519290414986
0.41597396823760496
0.34939497356687516
0.41655735536974764
0.3890843344095384
0.49184354623756843
0.4938505685632763
0.49504118989472695
0.48983531999569696
0.38908433440953827
0.40405354381214437
0.47344475527433416
0.4892181220263253
0.49906269811139653
0.4995340767592623
0.4997871591189924
0.4991462387111389
0.49146043228950154
0.4710385051221562
0.4823174980056917
0.4945088132841539
0.4998005083571291
0.4999992127112364
0.4999999357316536
0.49951238210032756
0.4937548808434976
0.48234634930271897
0.482464379794473
0.4935475447305969
0.4994640888333767
0.49999820036914616
0.499996737361951
0.4998163003430198
0.49481070871343596
0.48243275407270786
0.4713198017269164
0.4913592652491211
0.4991011557262721
0.49974282396689407
0.49952950227581244
0.49924574969344343
0.48949719482031784
0.47368093474676704
0.40432276607038214
0.38811793975930126
0.4891399308523177
0.49477998637415604
0.4935166619145185
0.4913313869338519
0.38834083401770697
0.41642404395767063
0.34878841925746235
0.4162554512547412
0.4733190441060819
0.4819780896069067
0.48186712104978563
0.47054357083839143
0.4039842315460776
0.3486038792768284
0.33987005870555415
0.3986069079600721
0.4711849665490089
0.4761564655755629
0.4732866663022991
0.46812269697165293
0.3980298417870992
0.33785299429572485
0.398086045918048
0.394658681737695
0.49459684896354456
0.4985799243406151
0.49800618814254516
0.4948275667406512
0.39470797338456964
0.39923745117953363
0.46886704459255996
0.4951648019072752
0.4994930532245375
0.49984697742785833
0.49989435552022776
0.4994201498215555
0.49462030716662325
0.47095947315461356
0.4735021159789447
0.49832091526781
0.49987200005563204
0.4999992127112364
0.4999999357316536
0.49984906142968105
0.49857353465094645
0.4763422174727075
0.4764297556433203
0.4986399080595161
0.49985497330890394
0.49999820036914616
0.499996737361951
0.49988161379090984
0.49819000250430723
0.47330105906809966
0.4712599176263089
0.49480917478314007
0.49943883543225787
0.49992570016813365
0.499828686232597
0.4993221226058309
0.49501116708697807
0.4683482035931296
0.4000633641050352
0.3955597725171109
0.4951692401661702
0.498119019789753
0.49862581884908286
0.49495235801678805
0.3946340297886319
0.3983106458726994
0.33860052099676474
0.3983507165731297
0.46829289777977706
0.47384131061634366
0.4764566553810012
0.4712823821584852
0.39944437274946415
0.3382098869778015
7.979504747972296
7.525332708782065
5.071136754788539
0.24136242249758313
0.24560267312761525
6.082069583359643
5.595405745140826
9.699746441809955
9.090611117671118
